[1] 645.15863 581.66686 529.17542 485.08143 447.53930 415.20479 387.07601
[8] 362.39129 340.56147 321.12380 303.70990 288.02291 273.82100 260.90525
[15] 249.11054 238.29868 228.35319 219.17517 210.68015 202.79553 195.45860
[22] 188.61490 182.21692 176.22300 170.59653 165.30512 160.32009 155.61590
[29] 151.16976 146.96128 142.97213 139.18581 135.58744 132.16353 128.90186
[36] 125.79131 122.82174 119.98391 117.26936 114.67031 112.17965 109.79082
[43] 107.49779 105.29497 103.17721 101.13975  99.17816  97.28834  95.46646
[50]  93.70898  92.01258  90.37419  88.79090  87.26002  85.77903  84.34556
[57]  82.95738  81.61242  80.30871  79.04440  77.81776  76.62716  75.47105
[64]  74.34797  73.25654  72.19547  71.16351  70.15951  69.18236  68.23101
[71]  67.30446

